8.360000000000000000e+02 3.230000000000000000e+02
8.560000000000000000e+02 3.230000000000000000e+02
8.880000000000000000e+02 3.240000000000000000e+02
9.300000000000000000e+02 3.220000000000000000e+02
9.680000000000000000e+02 3.210000000000000000e+02
9.980000000000000000e+02 3.150000000000000000e+02
1.027000000000000000e+03 3.010000000000000000e+02
1.044000000000000000e+03 2.810000000000000000e+02
1.082000000000000000e+03 2.680000000000000000e+02
1.116000000000000000e+03 2.620000000000000000e+02
1.147000000000000000e+03 2.520000000000000000e+02
1.174000000000000000e+03 2.440000000000000000e+02
1.213000000000000000e+03 2.270000000000000000e+02
1.241000000000000000e+03 2.160000000000000000e+02
1.249000000000000000e+03 1.880000000000000000e+02
1.250000000000000000e+03 1.590000000000000000e+02
1.250000000000000000e+03 1.230000000000000000e+02
1.248000000000000000e+03 8.600000000000000000e+01
1.242000000000000000e+03 5.600000000000000000e+01
1.188000000000000000e+03 5.400000000000000000e+01
1.148000000000000000e+03 5.600000000000000000e+01
1.096000000000000000e+03 6.100000000000000000e+01
1.051000000000000000e+03 6.400000000000000000e+01
1.021000000000000000e+03 6.600000000000000000e+01
1.021000000000000000e+03 1.020000000000000000e+02
1.024000000000000000e+03 1.320000000000000000e+02
1.021000000000000000e+03 1.510000000000000000e+02
1.024000000000000000e+03 1.750000000000000000e+02
