7.810000000000000000e+02 1.028000000000000000e+03 0.000000000000000000e+00
8.180000000000000000e+02 1.026000000000000000e+03 0.000000000000000000e+00
8.550000000000000000e+02 1.025000000000000000e+03 0.000000000000000000e+00
8.920000000000000000e+02 1.025000000000000000e+03 0.000000000000000000e+00
9.280000000000000000e+02 1.025000000000000000e+03 0.000000000000000000e+00
9.530000000000000000e+02 1.025000000000000000e+03 0.000000000000000000e+00
9.780000000000000000e+02 1.026000000000000000e+03 0.000000000000000000e+00
1.015000000000000000e+03 1.027000000000000000e+03 0.000000000000000000e+00
1.064000000000000000e+03 1.028000000000000000e+03 0.000000000000000000e+00
1.089000000000000000e+03 1.029000000000000000e+03 0.000000000000000000e+00
1.125000000000000000e+03 1.030000000000000000e+03 0.000000000000000000e+00
1.150000000000000000e+03 1.031000000000000000e+03 0.000000000000000000e+00
1.175000000000000000e+03 1.031000000000000000e+03 0.000000000000000000e+00
1.210000000000000000e+03 1.021000000000000000e+03 0.000000000000000000e+00
1.228000000000000000e+03 1.002000000000000000e+03 0.000000000000000000e+00
1.233000000000000000e+03 9.670000000000000000e+02 0.000000000000000000e+00
1.214000000000000000e+03 9.240000000000000000e+02 0.000000000000000000e+00
1.226000000000000000e+03 8.900000000000000000e+02 0.000000000000000000e+00
1.209000000000000000e+03 8.560000000000000000e+02 0.000000000000000000e+00
1.176000000000000000e+03 8.560000000000000000e+02 0.000000000000000000e+00
1.142000000000000000e+03 8.570000000000000000e+02 0.000000000000000000e+00
1.108000000000000000e+03 8.580000000000000000e+02 0.000000000000000000e+00
1.072000000000000000e+03 8.580000000000000000e+02 0.000000000000000000e+00
1.036000000000000000e+03 8.570000000000000000e+02 0.000000000000000000e+00
1.000000000000000000e+03 8.560000000000000000e+02 0.000000000000000000e+00
9.750000000000000000e+02 8.550000000000000000e+02 0.000000000000000000e+00
9.500000000000000000e+02 8.540000000000000000e+02 0.000000000000000000e+00
9.250000000000000000e+02 8.530000000000000000e+02 0.000000000000000000e+00
8.990000000000000000e+02 8.510000000000000000e+02 0.000000000000000000e+00
8.730000000000000000e+02 8.490000000000000000e+02 0.000000000000000000e+00
8.470000000000000000e+02 8.470000000000000000e+02 0.000000000000000000e+00
8.200000000000000000e+02 8.440000000000000000e+02 0.000000000000000000e+00
7.930000000000000000e+02 8.420000000000000000e+02 0.000000000000000000e+00
7.660000000000000000e+02 8.390000000000000000e+02 0.000000000000000000e+00
7.450000000000000000e+02 8.640000000000000000e+02 0.000000000000000000e+00
7.480000000000000000e+02 8.890000000000000000e+02 0.000000000000000000e+00
7.490000000000000000e+02 9.140000000000000000e+02 0.000000000000000000e+00
7.480000000000000000e+02 9.630000000000000000e+02 0.000000000000000000e+00
